{'LEAST': 9.7386313473788, 
'SLATE': 9.73284115279373, 
'TRAIL': 9.725015683422384, 
'TRACE': 9.7236997093864, 
'TRAIN': 9.723669738887086, 
'CRATE': 9.719466331822783, 
'LEANT': 9.716497301597991, 
'TRICE': 9.696732973210072, 
'CRANE': 9.680512318585869, 
'REACT': 9.67984727730156, 
'STALE': 9.679557857401221, 
'SLANT': 9.677548693979578, 
'IRATE': 9.67452925486469, 
'TALON': 9.669938558559487, 
'TRIAL': 9.667705607200197, 
'ROAST': 9.665687989702796, 
'ALIEN': 9.661470061040962, 
'STOLE': 9.66107405986833, 
'SAINT': 9.657217154810738, 
'LEARN': 9.656422289097648
}