{'SIEGE': 12.091307939934953, 
'RIGOR': 11.978958296800581, 
'BILLY': 11.965565721691112, 
'STEAM': 11.953692516380098, 
'LOWLY': 11.87064652716141,
'ABATE': 11.84449641568754,
'DECAY': 11.812518057576085,
'PLUCK': 11.811454518316578
'SURLY': 11.807747703814304,
'VERVE': 11.798969403955994, 
'FLUFF': 11.790057710272727,
'CUMIN': 11.779073478364701,
'BLOCK': 11.775539362026848,
'ILIAC': 11.7601173860788, 
'HENCE': 11.753410770499247,
'CLICK': 11.74635256312887,
'BLOOD': 11.746304671030863,
'PILOT': 11.745447634469855,
'CRIED': 11.733582103536436,
'BIRCH': 11.723557373462427
}